Latitud: 20.7325, Longitud: -103.3222
Latitud: 20.7325, Longitud: -103.3222
Latitud: 40.7128, Longitud: -74.006
Latitud: 20.61484, Longitud: -100.466688
